// Auto-generated animation from Blender

const animWalk = {
    frameLength: 41.67,
    frameCount: 31,
    tracks: [
        {
            obj: Body,
            frames: [
new Matrix4({
    elements: [
        0.999527, -0.000000, -0.030768, 0.000000,
        0.002061, 0.997754, 0.066950, 0.000000,
        0.030699, -0.066982, 0.997282, 0.000000,
        -0.000000, 3.570088, 0.077455, 1.000000,
    ]
}),
new Matrix4({
    elements: [
        0.999572, -0.000000, -0.029260, 0.000000,
        0.002537, 0.996232, 0.086686, 0.000000,
        0.029149, -0.086723, 0.995806, 0.000000,
        -0.000000, 3.524514, 0.117778, 1.000000,
    ]
}),
new Matrix4({
    elements: [
        0.999686, -0.000000, -0.025060, 0.000000,
        0.002687, 0.994236, 0.107176, 0.000000,
        0.024915, -0.107209, 0.993924, 0.000000,
        -0.000000, 3.414227, 0.168992, 1.000000,
    ]
}),
new Matrix4({
    elements: [
        0.999826, -0.000000, -0.018657, 0.000000,
        0.002300, 0.992374, 0.123245, 0.000000,
        0.018515, -0.123267, 0.992201, 0.000000,
        -0.000000, 3.278876, 0.212996, 1.000000,
    ]
}),
new Matrix4({
    elements: [
        0.999944, -0.000000, -0.010541, 0.000000,
        0.001368, 0.991546, 0.129751, 0.000000,
        0.010452, -0.129758, 0.991491, 0.000000,
        -0.000000, 3.158114, 0.231687, 1.000000,
    ]
}),
new Matrix4({
    elements: [
        0.999999, -0.000000, -0.001200, 0.000000,
        0.000152, 0.991988, 0.126333, 0.000000,
        0.001190, -0.126333, 0.991987, 0.000000,
        -0.000000, 3.082668, 0.209566, 1.000000,
    ]
}),
new Matrix4({
    elements: [
        0.999961, -0.000000, 0.008875, 0.000000,
        -0.001056, 0.992893, 0.119010, 0.000000,
        -0.008812, -0.119014, 0.992853, 0.000000,
        -0.000000, 3.047579, 0.161916, 1.000000,
    ]
}),
new Matrix4({
    elements: [
        0.999816, -0.000000, 0.019194, 0.000000,
        -0.002154, 0.993680, 0.112225, 0.000000,
        -0.019073, -0.112246, 0.993497, 0.000000,
        -0.000000, 3.038968, 0.116801, 1.000000,
    ]
}),
new Matrix4({
    elements: [
        0.999572, -0.000000, 0.029267, 0.000000,
        -0.003198, 0.994013, 0.109212, 0.000000,
        -0.029091, -0.109259, 0.993587, 0.000000,
        -0.000000, 3.078221, 0.090213, 1.000000,
    ]
}),
new Matrix4({
    elements: [
        0.999255, -0.000000, 0.038602, 0.000000,
        -0.004184, 0.994108, 0.108312, 0.000000,
        -0.038375, -0.108393, 0.993367, 0.000000,
        -0.000000, 3.174165, 0.076560, 1.000000,
    ]
}),
new Matrix4({
    elements: [
        0.998908, -0.000000, 0.046712, 0.000000,
        -0.004987, 0.994285, 0.106642, 0.000000,
        -0.046445, -0.106758, 0.993200, 0.000000,
        -0.000000, 3.294081, 0.071530, 1.000000,
    ]
}),
new Matrix4({
    elements: [
        0.998589, -0.000000, 0.053108, 0.000000,
        -0.005389, 0.994839, 0.101319, 0.000000,
        -0.052834, -0.101462, 0.993435, 0.000000,
        -0.000000, 3.405249, 0.070812, 1.000000,
    ]
}),
new Matrix4({
    elements: [
        0.998357, -0.000000, 0.057304, 0.000000,
        -0.005000, 0.996186, 0.087108, 0.000000,
        -0.057085, -0.087251, 0.994549, 0.000000,
        -0.000000, 3.481859, 0.071450, 1.000000,
    ]
}),
new Matrix4({
    elements: [
        0.998269, -0.000000, 0.058810, 0.000000,
        -0.003910, 0.997788, 0.066368, 0.000000,
        -0.058680, -0.066483, 0.996061, 0.000000,
        -0.000000, 3.525748, 0.075915, 1.000000,
    ]
}),
new Matrix4({
    elements: [
        0.998316, -0.000000, 0.058013, 0.000000,
        -0.002768, 0.998861, 0.047637, 0.000000,
        -0.057946, -0.047718, 0.997179, 0.000000,
        -0.000000, 3.545666, 0.088034, 1.000000,
    ]
}),
new Matrix4({
    elements: [
        0.998445, -0.000000, 0.055742, 0.000000,
        -0.002205, 0.999218, 0.039490, 0.000000,
        -0.055698, -0.039551, 0.997664, 0.000000,
        -0.000000, 3.550361, 0.111635, 1.000000,
    ]
}),
new Matrix4({
    elements: [
        0.998638, -0.000000, 0.052182, 0.000000,
        -0.002866, 0.998491, 0.054849, 0.000000,
        -0.052103, -0.054923, 0.997130, 0.000000,
        -0.000000, 3.485294, 0.165394, 1.000000,
    ]
}),
new Matrix4({
    elements: [
        0.998870, -0.000000, 0.047517, 0.000000,
        -0.004042, 0.996375, 0.084975, 0.000000,
        -0.047344, -0.085071, 0.995249, 0.000000,
        -0.000000, 3.341825, 0.233156, 1.000000,
    ]
}),
new Matrix4({
    elements: [
        0.999121, -0.000000, 0.041929, 0.000000,
        -0.004449, 0.994354, 0.106020, 0.000000,
        -0.041692, -0.106113, 0.993480, 0.000000,
        -0.000000, 3.197552, 0.266502, 1.000000,
    ]
}),
new Matrix4({
    elements: [
        0.999366, -0.000000, 0.035603, 0.000000,
        -0.003993, 0.993692, 0.112074, 0.000000,
        -0.035378, -0.112145, 0.993062, 0.000000,
        -0.000000, 3.113008, 0.265475, 1.000000,
    ]
}),
new Matrix4({
    elements: [
        0.999587, -0.000000, 0.028722, 0.000000,
        -0.003285, 0.993439, 0.114320, 0.000000,
        -0.028533, -0.114367, 0.993029, 0.000000,
        -0.000000, 3.080465, 0.258730, 1.000000,
    ]
}),
new Matrix4({
    elements: [
        0.999769, -0.000000, 0.021471, 0.000000,
        -0.002462, 0.993402, 0.114658, 0.000000,
        -0.021330, -0.114684, 0.993173, 0.000000,
        -0.000000, 3.075127, 0.240775, 1.000000,
    ]
}),
new Matrix4({
    elements: [
        0.999902, -0.000000, 0.014035, 0.000000,
        -0.001555, 0.993840, 0.110817, 0.000000,
        -0.013949, -0.110828, 0.993742, 0.000000,
        -0.000000, 3.103483, 0.208196, 1.000000,
    ]
}),
new Matrix4({
    elements: [
        0.999978, -0.000000, 0.006598, 0.000000,
        -0.000666, 0.994893, 0.100932, 0.000000,
        -0.006564, -0.100935, 0.994871, 0.000000,
        -0.000000, 3.175830, 0.165892, 1.000000,
    ]
}),
new Matrix4({
    elements: [
        1.000000, -0.000000, -0.000655, 0.000000,
        0.000057, 0.996163, 0.087516, 0.000000,
        0.000652, -0.087516, 0.996163, 0.000000,
        -0.000000, 3.273085, 0.120843, 1.000000,
    ]
}),
new Matrix4({
    elements: [
        0.999972, -0.000000, -0.007539, 0.000000,
        0.000551, 0.997325, 0.073093, 0.000000,
        0.007519, -0.073095, 0.997297, 0.000000,
        -0.000000, 3.376166, 0.080025, 1.000000,
    ]
}),
new Matrix4({
    elements: [
        0.999904, -0.000000, -0.013870, 0.000000,
        0.000835, 0.998186, 0.060200, 0.000000,
        0.013844, -0.060206, 0.998090, 0.000000,
        -0.000000, 3.465991, 0.050417, 1.000000,
    ]
}),
new Matrix4({
    elements: [
        0.999811, -0.000000, -0.019462, 0.000000,
        0.001000, 0.998679, 0.051382, 0.000000,
        0.019436, -0.051392, 0.998489, 0.000000,
        -0.000000, 3.523479, 0.038997, 1.000000,
    ]
}),
new Matrix4({
    elements: [
        0.999709, -0.000000, -0.024132, 0.000000,
        0.001157, 0.998851, 0.047919, 0.000000,
        0.024105, -0.047933, 0.998560, 0.000000,
        -0.000000, 3.550425, 0.039598, 1.000000,
    ]
}),
new Matrix4({
    elements: [
        0.999616, -0.000000, -0.027696, 0.000000,
        0.001314, 0.998874, 0.047420, 0.000000,
        0.027665, -0.047439, 0.998491, 0.000000,
        -0.000000, 3.564262, 0.043804, 1.000000,
    ]
}),
new Matrix4({
    elements: [
        0.999551, -0.000000, -0.029970, 0.000000,
        0.001582, 0.998605, 0.052777, 0.000000,
        0.029928, -0.052801, 0.998156, 0.000000,
        -0.000000, 3.569360, 0.055221, 1.000000,
    ]
}),
            ]
        },
        {
            obj: LegUpperL,
            frames: [
new Matrix4({
    elements: [
        1.000000, -0.000000, 0.000000, 0.000000,
        -0.000000, 0.892273, 0.451496, 0.000000,
        -0.000000, -0.451496, 0.892273, 0.000000,
        0.600137, -0.575277, 0.233162, 1.000000,
    ]
}),
new Matrix4({
    elements: [
        1.000000, -0.000000, 0.000000, 0.000000,
        -0.000000, 0.909685, 0.415299, 0.000000,
        0.000000, -0.415299, 0.909685, 0.000000,
        0.600137, -0.575277, 0.233162, 1.000000,
    ]
}),
new Matrix4({
    elements: [
        1.000000, -0.000000, 0.000000, 0.000000,
        0.000000, 0.949698, 0.313167, 0.000000,
        0.000000, -0.313167, 0.949698, 0.000000,
        0.600137, -0.575277, 0.233162, 1.000000,
    ]
}),
new Matrix4({
    elements: [
        1.000000, 0.000000, 0.000000, 0.000000,
        0.000000, 0.987957, 0.154727, 0.000000,
        0.000000, -0.154727, 0.987957, 0.000000,
        0.600137, -0.575278, 0.233162, 1.000000,
    ]
}),
new Matrix4({
    elements: [
        1.000000, -0.000000, 0.000000, 0.000000,
        0.000000, 0.998983, -0.045094, 0.000000,
        0.000000, 0.045094, 0.998983, 0.000000,
        0.600137, -0.575278, 0.233162, 1.000000,
    ]
}),
new Matrix4({
    elements: [
        1.000000, -0.000000, 0.000000, 0.000000,
        -0.000000, 0.964644, -0.263558, 0.000000,
        -0.000000, 0.263558, 0.964644, 0.000000,
        0.600137, -0.575277, 0.233162, 1.000000,
    ]
}),
new Matrix4({
    elements: [
        1.000000, -0.000000, 0.000000, 0.000000,
        -0.000000, 0.881090, -0.472949, 0.000000,
        0.000000, 0.472949, 0.881090, 0.000000,
        0.600137, -0.575278, 0.233162, 1.000000,
    ]
}),
new Matrix4({
    elements: [
        1.000000, -0.000000, 0.000000, 0.000000,
        -0.000000, 0.762638, -0.646826, 0.000000,
        0.000000, 0.646826, 0.762638, 0.000000,
        0.600137, -0.575278, 0.233162, 1.000000,
    ]
}),
new Matrix4({
    elements: [
        1.000000, -0.000000, 0.000000, 0.000000,
        -0.000000, 0.637993, -0.770042, 0.000000,
        -0.000000, 0.770042, 0.637993, 0.000000,
        0.600137, -0.575278, 0.233162, 1.000000,
    ]
}),
new Matrix4({
    elements: [
        1.000000, -0.000000, -0.000000, 0.000000,
        -0.000000, 0.541167, -0.840915, 0.000000,
        -0.000000, 0.840915, 0.541167, 0.000000,
        0.600137, -0.575278, 0.233162, 1.000000,
    ]
}),
new Matrix4({
    elements: [
        1.000000, -0.000000, 0.000000, 0.000000,
        0.000000, 0.503225, -0.864155, 0.000000,
        0.000000, 0.864155, 0.503225, 0.000000,
        0.600137, -0.575278, 0.233162, 1.000000,
    ]
}),
new Matrix4({
    elements: [
        1.000000, -0.000000, -0.000000, 0.000000,
        -0.000000, 0.509017, -0.860756, 0.000000,
        0.000000, 0.860756, 0.509017, 0.000000,
        0.600137, -0.575278, 0.233162, 1.000000,
    ]
}),
new Matrix4({
    elements: [
        1.000000, -0.000000, -0.000000, 0.000000,
        0.000000, 0.525874, -0.850562, 0.000000,
        -0.000000, 0.850562, 0.525874, 0.000000,
        0.600137, -0.575278, 0.233162, 1.000000,
    ]
}),
new Matrix4({
    elements: [
        1.000000, -0.000000, 0.000000, 0.000000,
        -0.000000, 0.552828, -0.833295, 0.000000,
        0.000000, 0.833295, 0.552828, 0.000000,
        0.600137, -0.575277, 0.233162, 1.000000,
    ]
}),
new Matrix4({
    elements: [
        1.000000, -0.000000, 0.000000, 0.000000,
        0.000000, 0.588665, -0.808377, 0.000000,
        -0.000000, 0.808377, 0.588665, 0.000000,
        0.600137, -0.575277, 0.233162, 1.000000,
    ]
}),
new Matrix4({
    elements: [
        1.000000, -0.000000, 0.000000, 0.000000,
        -0.000000, 0.631919, -0.775035, 0.000000,
        -0.000000, 0.775035, 0.631919, 0.000000,
        0.600137, -0.575277, 0.233162, 1.000000,
    ]
}),
new Matrix4({
    elements: [
        1.000000, 0.000000, 0.000000, 0.000000,
        -0.000000, 0.680864, -0.732410, 0.000000,
        -0.000000, 0.732410, 0.680864, 0.000000,
        0.600137, -0.575277, 0.233162, 1.000000,
    ]
}),
new Matrix4({
    elements: [
        1.000000, 0.000000, 0.000000, 0.000000,
        0.000000, 0.733517, -0.679671, 0.000000,
        0.000000, 0.679671, 0.733517, 0.000000,
        0.600137, -0.575277, 0.233162, 1.000000,
    ]
}),
new Matrix4({
    elements: [
        1.000000, -0.000000, 0.000000, 0.000000,
        0.000000, 0.787643, -0.616132, 0.000000,
        0.000000, 0.616132, 0.787643, 0.000000,
        0.600137, -0.575277, 0.233162, 1.000000,
    ]
}),
new Matrix4({
    elements: [
        1.000000, -0.000000, -0.000000, 0.000000,
        0.000000, 0.840792, -0.541358, 0.000000,
        0.000000, 0.541358, 0.840792, 0.000000,
        0.600137, -0.575277, 0.233162, 1.000000,
    ]
}),
new Matrix4({
    elements: [
        1.000000, -0.000000, 0.000000, 0.000000,
        -0.000000, 0.890355, -0.455266, 0.000000,
        0.000000, 0.455266, 0.890355, 0.000000,
        0.600137, -0.575277, 0.233162, 1.000000,
    ]
}),
new Matrix4({
    elements: [
        1.000000, -0.000000, 0.000000, 0.000000,
        -0.000000, 0.933639, -0.358215, 0.000000,
        0.000000, 0.358215, 0.933639, 0.000000,
        0.600137, -0.575277, 0.233162, 1.000000,
    ]
}),
new Matrix4({
    elements: [
        1.000000, -0.000000, 0.000000, 0.000000,
        0.000000, 0.967855, -0.251508, 0.000000,
        0.000000, 0.251508, 0.967855, 0.000000,
        0.600137, -0.575278, 0.233162, 1.000000,
    ]
}),
new Matrix4({
    elements: [
        1.000000, -0.000000, 0.000000, 0.000000,
        0.000000, 0.990313, -0.138851, 0.000000,
        0.000000, 0.138851, 0.990313, 0.000000,
        0.600137, -0.575278, 0.233162, 1.000000,
    ]
}),
new Matrix4({
    elements: [
        1.000000, -0.000000, 0.000000, 0.000000,
        0.000000, 0.999688, -0.024984, 0.000000,
        0.000000, 0.024984, 0.999688, 0.000000,
        0.600137, -0.575278, 0.233162, 1.000000,
    ]
}),
new Matrix4({
    elements: [
        1.000000, 0.000000, 0.000000, 0.000000,
        0.000000, 0.996368, 0.085155, 0.000000,
        -0.000000, -0.085155, 0.996368, 0.000000,
        0.600137, -0.575277, 0.233162, 1.000000,
    ]
}),
new Matrix4({
    elements: [
        1.000000, -0.000000, 0.000000, 0.000000,
        -0.000000, 0.982381, 0.186887, 0.000000,
        -0.000000, -0.186887, 0.982381, 0.000000,
        0.600137, -0.575277, 0.233162, 1.000000,
    ]
}),
new Matrix4({
    elements: [
        1.000000, -0.000000, 0.000000, 0.000000,
        0.000000, 0.961119, 0.276135, 0.000000,
        -0.000000, -0.276135, 0.961119, 0.000000,
        0.600137, -0.575277, 0.233162, 1.000000,
    ]
}),
new Matrix4({
    elements: [
        1.000000, -0.000000, -0.000000, 0.000000,
        0.000000, 0.936898, 0.349603, 0.000000,
        0.000000, -0.349603, 0.936898, 0.000000,
        0.600137, -0.575277, 0.233162, 1.000000,
    ]
}),
new Matrix4({
    elements: [
        1.000000, -0.000000, 0.000000, 0.000000,
        0.000000, 0.914437, 0.404728, 0.000000,
        0.000000, -0.404728, 0.914437, 0.000000,
        0.600137, -0.575277, 0.233162, 1.000000,
    ]
}),
new Matrix4({
    elements: [
        1.000000, 0.000000, 0.000000, 0.000000,
        0.000000, 0.898293, 0.439397, 0.000000,
        -0.000000, -0.439397, 0.898293, 0.000000,
        0.600137, -0.575277, 0.233162, 1.000000,
    ]
}),
            ]
        },
        {
            obj: LegLowerL,
            frames: [
new Matrix4({
    elements: [
        1.000000, -0.000000, 0.000000, 0.000000,
        -0.000000, 0.997132, -0.075683, 0.000000,
        -0.000000, 0.075683, 0.997132, 0.000000,
        0.264399, -0.779225, 0.770460, 1.000000,
    ]
}),
new Matrix4({
    elements: [
        1.000000, -0.000000, 0.000000, 0.000000,
        -0.000000, 0.999658, 0.026144, 0.000000,
        -0.000000, -0.026144, 0.999658, 0.000000,
        0.264399, -0.779225, 0.770460, 1.000000,
    ]
}),
new Matrix4({
    elements: [
        1.000000, -0.000000, 0.000000, 0.000000,
        0.000000, 0.990869, 0.134826, 0.000000,
        0.000000, -0.134826, 0.990869, 0.000000,
        0.264399, -0.779225, 0.770460, 1.000000,
    ]
}),
new Matrix4({
    elements: [
        1.000000, 0.000000, 0.000000, 0.000000,
        -0.000000, 0.972659, 0.232238, 0.000000,
        -0.000000, -0.232238, 0.972659, 0.000000,
        0.264399, -0.779225, 0.770460, 1.000000,
    ]
}),
new Matrix4({
    elements: [
        1.000000, 0.000000, 0.000000, 0.000000,
        -0.000000, 0.953416, 0.301658, 0.000000,
        -0.000000, -0.301658, 0.953416, 0.000000,
        0.264399, -0.779226, 0.770460, 1.000000,
    ]
}),
new Matrix4({
    elements: [
        1.000000, -0.000000, -0.000000, 0.000000,
        0.000000, 0.944654, 0.328068, 0.000000,
        -0.000000, -0.328068, 0.944654, 0.000000,
        0.264399, -0.779225, 0.770460, 1.000000,
    ]
}),
new Matrix4({
    elements: [
        1.000000, -0.000000, -0.000000, 0.000000,
        0.000000, 0.945228, 0.326410, 0.000000,
        0.000000, -0.326410, 0.945228, 0.000000,
        0.264399, -0.779225, 0.770460, 1.000000,
    ]
}),
new Matrix4({
    elements: [
        1.000000, -0.000000, -0.000000, 0.000000,
        -0.000000, 0.949166, 0.314777, 0.000000,
        0.000000, -0.314777, 0.949166, 0.000000,
        0.264399, -0.779225, 0.770460, 1.000000,
    ]
}),
new Matrix4({
    elements: [
        1.000000, -0.000000, -0.000000, 0.000000,
        0.000000, 0.959130, 0.282967, 0.000000,
        -0.000000, -0.282967, 0.959130, 0.000000,
        0.264399, -0.779225, 0.770460, 1.000000,
    ]
}),
new Matrix4({
    elements: [
        1.000000, -0.000000, -0.000000, 0.000000,
        0.000000, 0.975466, 0.220152, 0.000000,
        -0.000000, -0.220152, 0.975466, 0.000000,
        0.264399, -0.779225, 0.770460, 1.000000,
    ]
}),
new Matrix4({
    elements: [
        1.000000, 0.000000, 0.000000, 0.000000,
        0.000000, 0.995565, 0.094076, 0.000000,
        -0.000000, -0.094076, 0.995565, 0.000000,
        0.264399, -0.779225, 0.770460, 1.000000,
    ]
}),
new Matrix4({
    elements: [
        1.000000, -0.000000, -0.000000, 0.000000,
        -0.000000, 0.996074, -0.088528, 0.000000,
        -0.000000, 0.088528, 0.996074, 0.000000,
        0.264399, -0.779225, 0.770460, 1.000000,
    ]
}),
new Matrix4({
    elements: [
        1.000000, -0.000000, -0.000000, 0.000000,
        0.000000, 0.961430, -0.275050, 0.000000,
        0.000000, 0.275050, 0.961430, 0.000000,
        0.264399, -0.779225, 0.770460, 1.000000,
    ]
}),
new Matrix4({
    elements: [
        1.000000, -0.000000, 0.000000, 0.000000,
        -0.000000, 0.909875, -0.414883, 0.000000,
        0.000000, 0.414883, 0.909875, 0.000000,
        0.264399, -0.779225, 0.770460, 1.000000,
    ]
}),
new Matrix4({
    elements: [
        1.000000, -0.000000, -0.000000, 0.000000,
        0.000000, 0.883180, -0.469034, 0.000000,
        -0.000000, 0.469034, 0.883180, 0.000000,
        0.264399, -0.779225, 0.770459, 1.000000,
    ]
}),
new Matrix4({
    elements: [
        1.000000, 0.000000, 0.000000, 0.000000,
        0.000000, 0.883288, -0.468831, 0.000000,
        0.000000, 0.468831, 0.883288, 0.000000,
        0.264399, -0.779225, 0.770460, 1.000000,
    ]
}),
new Matrix4({
    elements: [
        1.000000, -0.000000, -0.000000, 0.000000,
        -0.000000, 0.884042, -0.467408, 0.000000,
        -0.000000, 0.467408, 0.884042, 0.000000,
        0.264399, -0.779225, 0.770460, 1.000000,
    ]
}),
new Matrix4({
    elements: [
        1.000000, -0.000000, 0.000000, 0.000000,
        -0.000000, 0.886076, -0.463540, 0.000000,
        0.000000, 0.463540, 0.886076, 0.000000,
        0.264399, -0.779225, 0.770460, 1.000000,
    ]
}),
new Matrix4({
    elements: [
        1.000000, -0.000000, -0.000000, 0.000000,
        0.000000, 0.889989, -0.455982, 0.000000,
        0.000000, 0.455982, 0.889989, 0.000000,
        0.264399, -0.779225, 0.770460, 1.000000,
    ]
}),
new Matrix4({
    elements: [
        1.000000, -0.000000, -0.000000, 0.000000,
        0.000000, 0.896299, -0.443449, 0.000000,
        0.000000, 0.443449, 0.896299, 0.000000,
        0.264399, -0.779225, 0.770460, 1.000000,
    ]
}),
new Matrix4({
    elements: [
        1.000000, -0.000000, -0.000000, 0.000000,
        -0.000000, 0.905385, -0.424592, 0.000000,
        0.000000, 0.424592, 0.905385, 0.000000,
        0.264399, -0.779225, 0.770460, 1.000000,
    ]
}),
new Matrix4({
    elements: [
        1.000000, -0.000000, -0.000000, 0.000000,
        0.000000, 0.931050, -0.364891, 0.000000,
        -0.000000, 0.364891, 0.931050, 0.000000,
        0.264399, -0.779225, 0.770460, 1.000000,
    ]
}),
new Matrix4({
    elements: [
        1.000000, -0.000000, -0.000000, 0.000000,
        0.000000, 0.961376, -0.275238, 0.000000,
        -0.000000, 0.275238, 0.961376, 0.000000,
        0.264399, -0.779225, 0.770460, 1.000000,
    ]
}),
new Matrix4({
    elements: [
        1.000000, 0.000000, -0.000000, 0.000000,
        0.000000, 0.973574, -0.228371, 0.000000,
        0.000000, 0.228371, 0.973574, 0.000000,
        0.264399, -0.779225, 0.770460, 1.000000,
    ]
}),
new Matrix4({
    elements: [
        1.000000, -0.000000, -0.000000, 0.000000,
        0.000000, 0.972588, -0.232537, 0.000000,
        0.000000, 0.232537, 0.972588, 0.000000,
        0.264399, -0.779225, 0.770460, 1.000000,
    ]
}),
new Matrix4({
    elements: [
        1.000000, 0.000000, 0.000000, 0.000000,
        0.000000, 0.970355, -0.241686, 0.000000,
        -0.000000, 0.241686, 0.970355, 0.000000,
        0.264399, -0.779225, 0.770460, 1.000000,
    ]
}),
new Matrix4({
    elements: [
        1.000000, -0.000000, 0.000000, 0.000000,
        0.000000, 0.968035, -0.250814, 0.000000,
        -0.000000, 0.250814, 0.968035, 0.000000,
        0.264399, -0.779226, 0.770460, 1.000000,
    ]
}),
new Matrix4({
    elements: [
        1.000000, -0.000000, -0.000000, 0.000000,
        0.000000, 0.966953, -0.254956, 0.000000,
        -0.000000, 0.254956, 0.966953, 0.000000,
        0.264399, -0.779225, 0.770460, 1.000000,
    ]
}),
new Matrix4({
    elements: [
        1.000000, -0.000000, 0.000000, 0.000000,
        -0.000000, 0.969719, -0.244223, 0.000000,
        -0.000000, 0.244223, 0.969719, 0.000000,
        0.264399, -0.779225, 0.770460, 1.000000,
    ]
}),
new Matrix4({
    elements: [
        1.000000, -0.000000, 0.000000, 0.000000,
        0.000000, 0.977385, -0.211467, 0.000000,
        0.000000, 0.211467, 0.977385, 0.000000,
        0.264399, -0.779226, 0.770460, 1.000000,
    ]
}),
new Matrix4({
    elements: [
        1.000000, -0.000000, 0.000000, 0.000000,
        -0.000000, 0.987812, -0.155649, 0.000000,
        0.000000, 0.155649, 0.987812, 0.000000,
        0.264399, -0.779225, 0.770460, 1.000000,
    ]
}),
            ]
        },
        {
            obj: Tail1,
            frames: [
new Matrix4({
    elements: [
        0.976986, 0.030339, 0.211137, 0.000000,
        -0.000000, 0.989833, -0.142233, 0.000000,
        -0.213306, 0.138960, 0.967053, 0.000000,
        0.000000, -0.393019, -0.785372, 1.000000,
    ]
}),
new Matrix4({
    elements: [
        0.977113, 0.030304, 0.210554, 0.000000,
        -0.000350, 0.990028, -0.140868, 0.000000,
        -0.212723, 0.137570, 0.967380, 0.000000,
        0.000000, -0.393019, -0.785372, 1.000000,
    ]
}),
new Matrix4({
    elements: [
        0.977694, 0.030061, 0.207874, 0.000000,
        -0.001610, 0.990749, -0.135700, 0.000000,
        -0.210030, 0.132338, 0.968697, 0.000000,
        0.000000, -0.393019, -0.785372, 1.000000,
    ]
}),
new Matrix4({
    elements: [
        0.979006, 0.029400, 0.201698, 0.000000,
        -0.004022, 0.992136, -0.125098, 0.000000,
        -0.203790, 0.121660, 0.971426, 0.000000,
        0.000000, -0.393019, -0.785372, 1.000000,
    ]
}),
new Matrix4({
    elements: [
        0.981263, 0.028114, 0.190612, 0.000000,
        -0.007625, 0.994188, -0.107384, 0.000000,
        -0.192524, 0.103918, 0.975774, 0.000000,
        0.000000, -0.393019, -0.785372, 1.000000,
    ]
}),
new Matrix4({
    elements: [
        0.984547, 0.025993, 0.173180, 0.000000,
        -0.012098, 0.996656, -0.080815, 0.000000,
        -0.174701, 0.077471, 0.981569, 0.000000,
        0.000000, -0.393019, -0.785372, 1.000000,
    ]
}),
new Matrix4({
    elements: [
        0.988734, 0.022829, 0.147931, 0.000000,
        -0.016539, 0.998912, -0.043607, 0.000000,
        -0.148766, 0.040669, 0.988036, 0.000000,
        0.000000, -0.393019, -0.785372, 1.000000,
    ]
}),
new Matrix4({
    elements: [
        0.993382, 0.018412, 0.113367, 0.000000,
        -0.019213, 0.999798, 0.005973, 0.000000,
        -0.113234, -0.008112, 0.993535, 0.000000,
        0.000000, -0.393019, -0.785372, 1.000000,
    ]
}),
new Matrix4({
    elements: [
        0.997523, 0.012672, 0.069188, 0.000000,
        -0.017307, 0.997616, 0.066809, 0.000000,
        -0.068176, -0.067841, 0.995364, 0.000000,
        0.000000, -0.393020, -0.785372, 1.000000,
    ]
}),
new Matrix4({
    elements: [
        0.999779, 0.006437, 0.020013, 0.000000,
        -0.008929, 0.991858, 0.127036, 0.000000,
        -0.019032, -0.127187, 0.991696, 0.000000,
        0.000000, -0.393019, -0.785372, 1.000000,
    ]
}),
new Matrix4({
    elements: [
        0.999602, 0.000845, -0.028212, 0.000000,
        0.004034, 0.985013, 0.172434, 0.000000,
        0.027935, -0.172479, 0.984617, 0.000000,
        0.000000, -0.393019, -0.785372, 1.000000,
    ]
}),
new Matrix4({
    elements: [
        0.997576, -0.002963, -0.069527, 0.000000,
        0.016146, 0.981686, 0.189821, 0.000000,
        0.067692, -0.190484, 0.979354, 0.000000,
        0.000000, -0.393019, -0.785372, 1.000000,
    ]
}),
new Matrix4({
    elements: [
        0.995064, -0.004748, -0.099125, 0.000000,
        0.019812, 0.988252, 0.151547, 0.000000,
        0.097241, -0.152762, 0.983467, 0.000000,
        0.000000, -0.393019, -0.785372, 1.000000,
    ]
}),
new Matrix4({
    elements: [
        0.993177, -0.005405, -0.116492, 0.000000,
        0.014921, 0.996605, 0.080973, 0.000000,
        0.115659, -0.082159, 0.989885, 0.000000,
        0.000000, -0.393019, -0.785372, 1.000000,
    ]
}),
new Matrix4({
    elements: [
        0.992494, -0.005499, -0.122167, 0.000000,
        0.010822, 0.999019, 0.042947, 0.000000,
        0.121811, -0.043947, 0.991580, 0.000000,
        0.000000, -0.393019, -0.785372, 1.000000,
    ]
}),
new Matrix4({
    elements: [
        0.993927, -0.004690, -0.109937, 0.000000,
        0.010052, 0.998784, 0.048272, 0.000000,
        0.109576, -0.049084, 0.992766, 0.000000,
        0.000000, -0.393019, -0.785372, 1.000000,
    ]
}),
new Matrix4({
    elements: [
        0.997080, -0.002469, -0.076321, 0.000000,
        0.007278, 0.998000, 0.062790, 0.000000,
        0.076014, -0.063162, 0.995104, 0.000000,
        0.000000, -0.393019, -0.785372, 1.000000,
    ]
}),
new Matrix4({
    elements: [
        0.999663, 0.000854, -0.025945, 0.000000,
        0.001333, 0.996451, 0.084165, 0.000000,
        0.025925, -0.084171, 0.996114, 0.000000,
        0.000000, -0.393019, -0.785372, 1.000000,
    ]
}),
new Matrix4({
    elements: [
        0.999325, 0.004969, 0.036409, 0.000000,
        -0.008944, 0.993909, 0.109838, 0.000000,
        -0.035641, -0.110089, 0.993282, 0.000000,
        0.000000, -0.393019, -0.785372, 1.000000,
    ]
}),
new Matrix4({
    elements: [
        0.994349, 0.009567, 0.105730, 0.000000,
        -0.024107, 0.990262, 0.137112, 0.000000,
        -0.103389, -0.138886, 0.984897, 0.000000,
        0.000000, -0.393019, -0.785372, 1.000000,
    ]
}),
new Matrix4({
    elements: [
        0.984129, 0.014337, 0.176877, 0.000000,
        -0.043727, 0.985590, 0.163401, 0.000000,
        -0.171986, -0.168541, 0.970574, 0.000000,
        0.000000, -0.393019, -0.785372, 1.000000,
    ]
}),
new Matrix4({
    elements: [
        0.969391, 0.018971, 0.244788, 0.000000,
        -0.066288, 0.980207, 0.186545, 0.000000,
        -0.236404, -0.197062, 0.951462, 0.000000,
        0.000000, -0.393019, -0.785372, 1.000000,
    ]
}),
new Matrix4({
    elements: [
        0.952166, 0.023157, 0.304702, 0.000000,
        -0.089335, 0.974658, 0.205090, 0.000000,
        -0.292231, -0.222500, 0.930105, 0.000000,
        0.000000, -0.393020, -0.785372, 1.000000,
    ]
}),
new Matrix4({
    elements: [
        0.935510, 0.026588, 0.352299, 0.000000,
        -0.109792, 0.969672, 0.218364, 0.000000,
        -0.335809, -0.242962, 0.910056, 0.000000,
        0.000000, -0.393020, -0.785372, 1.000000,
    ]
}),
new Matrix4({
    elements: [
        0.923023, 0.028952, 0.383654, 0.000000,
        -0.124364, 0.966086, 0.226299, 0.000000,
        -0.364091, -0.256592, 0.895320, 0.000000,
        0.000000, -0.393020, -0.785372, 1.000000,
    ]
}),
new Matrix4({
    elements: [
        0.918202, 0.029942, 0.394980, 0.000000,
        -0.129946, 0.964726, 0.228951, 0.000000,
        -0.374192, -0.261549, 0.889704, 0.000000,
        0.000000, -0.393019, -0.785372, 1.000000,
    ]
}),
new Matrix4({
    elements: [
        0.923761, 0.030109, 0.381784, 0.000000,
        -0.115927, 0.972119, 0.203830, 0.000000,
        -0.365002, -0.232549, 0.901496, 0.000000,
        0.000000, -0.393019, -0.785372, 1.000000,
    ]
}),
new Matrix4({
    elements: [
        0.936836, 0.030221, 0.348460, 0.000000,
        -0.083488, 0.986784, 0.138875, 0.000000,
        -0.339658, -0.159196, 0.926979, 0.000000,
        0.000000, -0.393019, -0.785372, 1.000000,
    ]
}),
new Matrix4({
    elements: [
        0.952037, 0.030290, 0.304479, 0.000000,
        -0.047861, 0.997581, 0.050412, 0.000000,
        -0.302215, -0.062567, 0.951184, 0.000000,
        0.000000, -0.393019, -0.785372, 1.000000,
    ]
}),
new Matrix4({
    elements: [
        0.965176, 0.030324, 0.259838, 0.000000,
        -0.020252, 0.998939, -0.041356, 0.000000,
        -0.260817, 0.034654, 0.964766, 0.000000,
        0.000000, -0.393019, -0.785372, 1.000000,
    ]
}),
new Matrix4({
    elements: [
        0.973861, 0.030337, 0.225111, 0.000000,
        -0.004762, 0.993550, -0.113297, 0.000000,
        -0.227096, 0.109264, 0.967724, 0.000000,
        0.000000, -0.393019, -0.785372, 1.000000,
    ]
}),
            ]
        },
        {
            obj: Tail2,
            frames: [
new Matrix4({
    elements: [
        0.984515, -0.005671, 0.175208, 0.000000,
        -0.000000, 0.999476, 0.032353, 0.000000,
        -0.175300, -0.031852, 0.984000, 0.000000,
        -0.000000, -0.049173, -1.407955, 1.000000,
    ]
}),
new Matrix4({
    elements: [
        0.984688, -0.005677, 0.174231, 0.000000,
        0.002116, 0.999785, 0.020615, 0.000000,
        -0.174311, -0.019930, 0.984489, 0.000000,
        -0.000000, -0.049173, -1.407955, 1.000000,
    ]
}),
new Matrix4({
    elements: [
        0.985191, -0.005712, 0.171366, 0.000000,
        0.007505, 0.999924, -0.009814, 0.000000,
        -0.171296, 0.010955, 0.985159, 0.000000,
        -0.000000, -0.049173, -1.407955, 1.000000,
    ]
}),
new Matrix4({
    elements: [
        0.985989, -0.005810, 0.166708, 0.000000,
        0.014630, 0.998554, -0.051727, 0.000000,
        -0.166166, 0.053442, 0.984649, 0.000000,
        -0.000000, -0.049173, -1.407955, 1.000000,
    ]
}),
new Matrix4({
    elements: [
        0.987042, -0.006000, 0.160353, 0.000000,
        0.021944, 0.994959, -0.097850, 0.000000,
        -0.158958, 0.100101, 0.982198, 0.000000,
        -0.000000, -0.049173, -1.407955, 1.000000,
    ]
}),
new Matrix4({
    elements: [
        0.988299, -0.006312, 0.152396, 0.000000,
        0.028048, 0.989626, -0.140903, 0.000000,
        -0.149925, 0.143529, 0.978224, 0.000000,
        -0.000000, -0.049173, -1.407955, 1.000000,
    ]
}),
new Matrix4({
    elements: [
        0.989710, -0.006779, 0.142930, 0.000000,
        0.031829, 0.984282, -0.173712, 0.000000,
        -0.139506, 0.176474, 0.974369, 0.000000,
        -0.000000, -0.049173, -1.407955, 1.000000,
    ]
}),
new Matrix4({
    elements: [
        0.991215, -0.007430, 0.132050, 0.000000,
        0.032566, 0.981393, -0.189228, 0.000000,
        -0.128187, 0.191866, 0.973014, 0.000000,
        -0.000000, -0.049172, -1.407955, 1.000000,
    ]
}),
new Matrix4({
    elements: [
        0.992809, -0.009523, 0.119331, 0.000000,
        0.032564, 0.980725, -0.192659, 0.000000,
        -0.115196, 0.195159, 0.973983, 0.000000,
        -0.000000, -0.049173, -1.407955, 1.000000,
    ]
}),
new Matrix4({
    elements: [
        0.994664, -0.013574, 0.102273, 0.000000,
        0.033374, 0.980341, -0.194466, 0.000000,
        -0.097623, 0.196842, 0.975563, 0.000000,
        -0.000000, -0.049173, -1.407955, 1.000000,
    ]
}),
new Matrix4({
    elements: [
        0.996794, -0.018506, 0.077841, 0.000000,
        0.033462, 0.980138, -0.195471, 0.000000,
        -0.072678, 0.197449, 0.977615, 0.000000,
        -0.000000, -0.049173, -1.407955, 1.000000,
    ]
}),
new Matrix4({
    elements: [
        0.998806, -0.023240, 0.042983, 0.000000,
        0.031256, 0.980024, -0.196410, 0.000000,
        -0.037559, 0.197519, 0.979579, 0.000000,
        -0.000000, -0.049173, -1.407955, 1.000000,
    ]
}),
new Matrix4({
    elements: [
        0.999634, -0.026921, -0.002557, 0.000000,
        0.026241, 0.988505, -0.148896, 0.000000,
        0.006536, 0.148774, 0.988850, 0.000000,
        -0.000000, -0.049173, -1.407955, 1.000000,
    ]
}),
new Matrix4({
    elements: [
        0.998418, -0.029585, -0.047819, 0.000000,
        0.026755, 0.997913, -0.058775, 0.000000,
        0.049458, 0.057403, 0.997125, 0.000000,
        -0.000000, -0.049173, -1.407955, 1.000000,
    ]
}),
new Matrix4({
    elements: [
        0.996371, -0.031490, -0.079083, 0.000000,
        0.030760, 0.999472, -0.010428, 0.000000,
        0.079370, 0.007958, 0.996814, 0.000000,
        -0.000000, -0.049173, -1.407955, 1.000000,
    ]
}),
new Matrix4({
    elements: [
        0.995010, -0.032870, -0.094209, 0.000000,
        0.030896, 0.999273, -0.022333, 0.000000,
        0.094875, 0.019311, 0.995302, 0.000000,
        -0.000000, -0.049173, -1.407955, 1.000000,
    ]
}),
new Matrix4({
    elements: [
        0.994220, -0.033866, -0.101884, 0.000000,
        0.028817, 0.998302, -0.050627, 0.000000,
        0.103425, 0.047398, 0.993507, 0.000000,
        -0.000000, -0.049173, -1.407955, 1.000000,
    ]
}),
new Matrix4({
    elements: [
        0.993899, -0.034596, -0.104728, 0.000000,
        0.025559, 0.995929, -0.086437, 0.000000,
        0.107292, 0.083233, 0.990737, 0.000000,
        -0.000000, -0.049173, -1.407955, 1.000000,
    ]
}),
new Matrix4({
    elements: [
        0.993813, -0.035178, -0.105352, 0.000000,
        0.022141, 0.992227, -0.122454, 0.000000,
        0.108841, 0.119364, 0.986867, 0.000000,
        -0.000000, -0.049173, -1.407955, 1.000000,
    ]
}),
new Matrix4({
    elements: [
        0.993735, -0.035707, -0.105906, 0.000000,
        0.018724, 0.987388, -0.157210, 0.000000,
        0.110184, 0.154242, 0.981870, 0.000000,
        -0.000000, -0.049173, -1.407955, 1.000000,
    ]
}),
new Matrix4({
    elements: [
        0.993630, -0.036191, -0.106718, 0.000000,
        0.015378, 0.981714, -0.189737, 0.000000,
        0.111634, 0.186888, 0.976018, 0.000000,
        -0.000000, -0.049173, -1.407955, 1.000000,
    ]
}),
new Matrix4({
    elements: [
        0.993513, -0.036617, -0.107664, 0.000000,
        0.012243, 0.975682, -0.218850, 0.000000,
        0.113059, 0.216112, 0.969801, 0.000000,
        -0.000000, -0.049173, -1.407955, 1.000000,
    ]
}),
new Matrix4({
    elements: [
        0.993396, -0.036971, -0.108618, 0.000000,
        0.009482, 0.969879, -0.243404, 0.000000,
        0.114345, 0.240766, 0.963824, 0.000000,
        -0.000000, -0.049173, -1.407955, 1.000000,
    ]
}),
new Matrix4({
    elements: [
        0.993294, -0.037241, -0.109454, 0.000000,
        0.007276, 0.964961, -0.262293, 0.000000,
        0.115387, 0.259738, 0.958761, 0.000000,
        -0.000000, -0.049173, -1.407955, 1.000000,
    ]
}),
new Matrix4({
    elements: [
        0.993222, -0.037413, -0.110048, 0.000000,
        0.005814, 0.961589, -0.274433, 0.000000,
        0.116088, 0.271933, 0.955289, 0.000000,
        -0.000000, -0.049173, -1.407955, 1.000000,
    ]
}),
new Matrix4({
    elements: [
        0.993195, -0.037473, -0.110274, 0.000000,
        0.005287, 0.960356, -0.278728, 0.000000,
        0.116347, 0.276248, 0.954018, 0.000000,
        -0.000000, -0.049173, -1.407955, 1.000000,
    ]
}),
new Matrix4({
    elements: [
        0.995398, -0.035118, -0.089166, 0.000000,
        0.011153, 0.966565, -0.256180, 0.000000,
        0.095181, 0.254007, 0.962508, 0.000000,
        -0.000000, -0.049173, -1.407955, 1.000000,
    ]
}),
new Matrix4({
    elements: [
        0.998916, -0.029230, -0.036224, 0.000000,
        0.021462, 0.979804, -0.198808, 0.000000,
        0.041304, 0.197815, 0.979369, 0.000000,
        -0.000000, -0.049173, -1.407955, 1.000000,
    ]
}),
new Matrix4({
    elements: [
        0.999230, -0.021575, 0.032758, 0.000000,
        0.025454, 0.992076, -0.123030, 0.000000,
        -0.029844, 0.123769, 0.991862, 0.000000,
        -0.000000, -0.049173, -1.407955, 1.000000,
    ]
}),
new Matrix4({
    elements: [
        0.994727, -0.013918, 0.101606, 0.000000,
        0.018808, 0.998702, -0.047332, 0.000000,
        -0.100815, 0.048993, 0.993698, 0.000000,
        -0.000000, -0.049173, -1.407955, 1.000000,
    ]
}),
new Matrix4({
    elements: [
        0.987998, -0.008028, 0.154260, 0.000000,
        0.006581, 0.999929, 0.009884, 0.000000,
        -0.154328, -0.008750, 0.987981, 0.000000,
        -0.000000, -0.049173, -1.407955, 1.000000,
    ]
}),
            ]
        },
        {
            obj: Tail3,
            frames: [
new Matrix4({
    elements: [
        0.995891, -0.001863, 0.090542, 0.000000,
        -0.000000, 0.999788, 0.020570, 0.000000,
        -0.090561, -0.020486, 0.995680, 0.000000,
        0.000000, 0.037113, -0.972810, 1.000000,
    ]
}),
new Matrix4({
    elements: [
        0.995934, -0.001763, 0.090068, 0.000000,
        0.000844, 0.999947, 0.010237, 0.000000,
        -0.090082, -0.010119, 0.995883, 0.000000,
        0.000000, 0.037113, -0.972810, 1.000000,
    ]
}),
new Matrix4({
    elements: [
        0.996073, -0.001506, 0.088520, 0.000000,
        0.002971, 0.999861, -0.016420, 0.000000,
        -0.088483, 0.016619, 0.995939, 0.000000,
        0.000000, 0.037113, -0.972810, 1.000000,
    ]
}),
new Matrix4({
    elements: [
        0.996320, -0.001154, 0.085707, 0.000000,
        0.005704, 0.998585, -0.052861, 0.000000,
        -0.085525, 0.053155, 0.994917, 0.000000,
        0.000000, 0.037113, -0.972810, 1.000000,
    ]
}),
new Matrix4({
    elements: [
        0.996678, -0.000770, 0.081437, 0.000000,
        0.008328, 0.995677, -0.092510, 0.000000,
        -0.081014, 0.092881, 0.992376, 0.000000,
        0.000000, 0.037113, -0.972810, 1.000000,
    ]
}),
new Matrix4({
    elements: [
        0.997144, -0.000418, 0.075519, 0.000000,
        0.010172, 0.991617, -0.128814, 0.000000,
        -0.074832, 0.129214, 0.988789, 0.000000,
        -0.000000, 0.037113, -0.972810, 1.000000,
    ]
}),
new Matrix4({
    elements: [
        0.997702, -0.000161, 0.067759, 0.000000,
        0.010707, 0.987808, -0.155310, 0.000000,
        -0.066908, 0.155679, 0.985539, 0.000000,
        -0.000000, 0.037113, -0.972810, 1.000000,
    ]
}),
new Matrix4({
    elements: [
        0.998319, -0.000061, 0.057965, 0.000000,
        0.009677, 0.986140, -0.165630, 0.000000,
        -0.057151, 0.165912, 0.984483, 0.000000,
        0.000000, 0.037113, -0.972810, 1.000000,
    ]
}),
new Matrix4({
    elements: [
        0.998952, -0.000377, 0.045764, 0.000000,
        0.007871, 0.986481, -0.163687, 0.000000,
        -0.045083, 0.163876, 0.985450, 0.000000,
        -0.000000, 0.037113, -0.972810, 1.000000,
    ]
}),
new Matrix4({
    elements: [
        0.999547, -0.001320, 0.030068, 0.000000,
        0.005996, 0.987746, -0.155954, 0.000000,
        -0.029494, 0.156064, 0.987307, 0.000000,
        0.000000, 0.037113, -0.972809, 1.000000,
    ]
}),
new Matrix4({
    elements: [
        0.999950, -0.002881, 0.009611, 0.000000,
        0.004197, 0.990161, -0.139866, 0.000000,
        -0.009113, 0.139899, 0.990124, 0.000000,
        0.000000, 0.037113, -0.972810, 1.000000,
    ]
}),
new Matrix4({
    elements: [
        0.999845, -0.005050, -0.016869, 0.000000,
