// Auto-generated animation from Blender

const animWalk = {
    frameLength: 41.67,
    frameCount: 74,
    tracks: [
        {
            obj: Body,
            frames: [
new Matrix4({
    elements: [
        1.000000, 0.000000, 0.000000, 0.000000,
        0.000000, 1.000000, 0.000000, 0.000000,
        0.000000, 0.000000, 1.000000, 0.000000,
        0.000000, 0.000000, 0.000000, 1.000000,
    ]
}),
new Matrix4({
    elements: [
        1.000000, 0.000000, 0.000000, 0.000000,
        0.000000, 1.000000, 0.000000, 0.000000,
        0.000000, 0.000000, 1.000000, 0.000000,
        0.009607, 0.016613, 0.003362, 1.000000,
    ]
}),
new Matrix4({
    elements: [
        1.000000, 0.000000, 0.000000, 0.000000,
        0.000000, 1.000000, 0.000000, 0.000000,
        0.000000, 0.000000, 1.000000, 0.000000,
        0.037049, 0.061136, 0.012565, 1.000000,
    ]
}),
new Matrix4({
    elements: [
        1.000000, 0.000000, 0.000000, 0.000000,
        0.000000, 1.000000, 0.000000, 0.000000,
        0.000000, 0.000000, 1.000000, 0.000000,
        0.080253, 0.125594, 0.026286, 1.000000,
    ]
}),
new Matrix4({
    elements: [
        1.000000, 0.000000, 0.000000, 0.000000,
        0.000000, 1.000000, 0.000000, 0.000000,
        0.000000, 0.000000, 1.000000, 0.000000,
        0.137149, 0.202014, 0.043203, 1.000000,
    ]
}),
new Matrix4({
    elements: [
        1.000000, 0.000000, 0.000000, 0.000000,
        0.000000, 1.000000, 0.000000, 0.000000,
        0.000000, 0.000000, 1.000000, 0.000000,
        0.205664, 0.282421, 0.061993, 1.000000,
    ]
}),
new Matrix4({
    elements: [
        1.000000, 0.000000, 0.000000, 0.000000,
        0.000000, 1.000000, 0.000000, 0.000000,
        0.000000, 0.000000, 1.000000, 0.000000,
        0.283728, 0.358841, 0.081332, 1.000000,
    ]
}),
new Matrix4({
    elements: [
        1.000000, 0.000000, 0.000000, 0.000000,
        0.000000, 1.000000, 0.000000, 0.000000,
        0.000000, 0.000000, 1.000000, 0.000000,
        0.369270, 0.423299, 0.099897, 1.000000,
    ]
}),
new Matrix4({
    elements: [
        1.000000, 0.000000, 0.000000, 0.000000,
        0.000000, 1.000000, 0.000000, 0.000000,
        0.000000, 0.000000, 1.000000, 0.000000,
        0.460217, 0.467822, 0.116366, 1.000000,
    ]
}),
new Matrix4({
    elements: [
        1.000000, 0.000000, 0.000000, 0.000000,
        0.000000, 1.000000, 0.000000, 0.000000,
        0.000000, 0.000000, 1.000000, 0.000000,
        0.554498, 0.484435, 0.129415, 1.000000,
    ]
}),
new Matrix4({
    elements: [
        1.000000, 0.000000, 0.000000, 0.000000,
        0.000000, 1.000000, 0.000000, 0.000000,
        0.000000, 0.000000, 1.000000, 0.000000,
        0.650028, 0.470815, 0.139260, 1.000000,
    ]
}),
new Matrix4({
    elements: [
        1.000000, 0.000000, 0.000000, 0.000000,
        0.000000, 1.000000, 0.000000, 0.000000,
        0.000000, 0.000000, 1.000000, 0.000000,
        0.744663, 0.433849, 0.147144, 1.000000,
    ]
}),
new Matrix4({
    elements: [
        1.000000, 0.000000, 0.000000, 0.000000,
        0.000000, 1.000000, 0.000000, 0.000000,
        0.000000, 0.000000, 1.000000, 0.000000,
        0.836246, 0.379371, 0.153283, 1.000000,
    ]
}),
new Matrix4({
    elements: [
        1.000000, 0.000000, 0.000000, 0.000000,
        0.000000, 1.000000, 0.000000, 0.000000,
        0.000000, 0.000000, 1.000000, 0.000000,
        0.922618, 0.313220, 0.157897, 1.000000,
    ]
}),
new Matrix4({
    elements: [
        1.000000, 0.000000, 0.000000, 0.000000,
        0.000000, 1.000000, 0.000000, 0.000000,
        0.000000, 0.000000, 1.000000, 0.000000,
        1.001623, 0.241232, 0.161203, 1.000000,
    ]
}),
new Matrix4({
    elements: [
        1.000000, 0.000000, 0.000000, 0.000000,
        0.000000, 1.000000, 0.000000, 0.000000,
        0.000000, 0.000000, 1.000000, 0.000000,
        1.071101, 0.169243, 0.163419, 1.000000,
    ]
}),
new Matrix4({
    elements: [
        1.000000, 0.000000, 0.000000, 0.000000,
        0.000000, 1.000000, 0.000000, 0.000000,
        0.000000, 0.000000, 1.000000, 0.000000,
        1.128896, 0.103092, 0.164763, 1.000000,
    ]
}),
new Matrix4({
    elements: [
        1.000000, 0.000000, 0.000000, 0.000000,
        0.000000, 1.000000, 0.000000, 0.000000,
        0.000000, 0.000000, 1.000000, 0.000000,
        1.172850, 0.048615, 0.165453, 1.000000,
    ]
}),
new Matrix4({
    elements: [
        1.000000, 0.000000, 0.000000, 0.000000,
        0.000000, 1.000000, 0.000000, 0.000000,
        0.000000, 0.000000, 1.000000, 0.000000,
        1.200804, 0.011648, 0.165707, 1.000000,
    ]
}),
new Matrix4({
    elements: [
        1.000000, 0.000000, 0.000000, 0.000000,
        0.000000, 1.000000, 0.000000, 0.000000,
        0.000000, 0.000000, 1.000000, 0.000000,
        1.210602, -0.001972, 0.165744, 1.000000,
    ]
}),
new Matrix4({
    elements: [
        1.000000, 0.000000, 0.000000, 0.000000,
        0.000000, 1.000000, 0.000000, 0.000000,
        0.000000, 0.000000, 1.000000, 0.000000,
        1.210602, -0.001972, 0.165744, 1.000000,
    ]
}),
new Matrix4({
    elements: [
        1.000000, 0.000000, 0.000000, 0.000000,
        0.000000, 1.000000, 0.000000, 0.000000,
        0.000000, 0.000000, 1.000000, 0.000000,
        1.210602, -0.001972, 0.165744, 1.000000,
    ]
}),
new Matrix4({
    elements: [
        1.000000, 0.000000, 0.000000, 0.000000,
        0.000000, 1.000000, 0.000000, 0.000000,
        0.000000, 0.000000, 1.000000, 0.000000,
        1.210602, -0.001972, 0.165744, 1.000000,
    ]
}),
new Matrix4({
    elements: [
        1.000000, 0.000000, 0.000000, 0.000000,
        0.000000, 1.000000, 0.000000, 0.000000,
        0.000000, 0.000000, 1.000000, 0.000000,
        1.210602, -0.001972, 0.165744, 1.000000,
    ]
}),
new Matrix4({
    elements: [
        1.000000, 0.000000, 0.000000, 0.000000,
        0.000000, 1.000000, 0.000000, 0.000000,
        0.000000, 0.000000, 1.000000, 0.000000,
        1.210602, -0.001972, 0.165744, 1.000000,
    ]
}),
new Matrix4({
    elements: [
        1.000000, 0.000000, 0.000000, 0.000000,
        0.000000, 1.000000, 0.000000, 0.000000,
        0.000000, 0.000000, 1.000000, 0.000000,
        1.210602, -0.001972, 0.165744, 1.000000,
    ]
}),
new Matrix4({
    elements: [
        1.000000, 0.000000, 0.000000, 0.000000,
        0.000000, 1.000000, 0.000000, 0.000000,
        0.000000, 0.000000, 1.000000, 0.000000,
        1.210602, -0.001972, 0.165744, 1.000000,
    ]
}),
new Matrix4({
    elements: [
        1.000000, 0.000000, 0.000000, 0.000000,
        0.000000, 1.000000, 0.000000, 0.000000,
        0.000000, 0.000000, 1.000000, 0.000000,
        1.195009, 0.014372, 0.165008, 1.000000,
    ]
}),
new Matrix4({
    elements: [
        1.000000, 0.000000, 0.000000, 0.000000,
        0.000000, 1.000000, 0.000000, 0.000000,
        0.000000, 0.000000, 1.000000, 0.000000,
        1.150752, 0.058732, 0.162863, 1.000000,
    ]
}),
new Matrix4({
    elements: [
        1.000000, 0.000000, 0.000000, 0.000000,
        0.000000, 1.000000, 0.000000, 0.000000,
        0.000000, 0.000000, 1.000000, 0.000000,
        1.081614, 0.124105, 0.159401, 1.000000,
    ]
}),
new Matrix4({
    elements: [
        1.000000, 0.000000, 0.000000, 0.000000,
        0.000000, 1.000000, 0.000000, 0.000000,
        0.000000, 0.000000, 1.000000, 0.000000,
        0.991377, 0.203486, 0.154714, 1.000000,
    ]
}),
new Matrix4({
    elements: [
        1.000000, 0.000000, 0.000000, 0.000000,
        0.000000, 1.000000, 0.000000, 0.000000,
        0.000000, 0.000000, 1.000000, 0.000000,
        0.883824, 0.289872, 0.148895, 1.000000,
    ]
}),
new Matrix4({
    elements: [
        1.000000, 0.000000, 0.000000, 0.000000,
        0.000000, 1.000000, 0.000000, 0.000000,
        0.000000, 0.000000, 1.000000, 0.000000,
        0.762738, 0.376258, 0.142037, 1.000000,
    ]
}),
new Matrix4({
    elements: [
        1.000000, 0.000000, 0.000000, 0.000000,
        0.000000, 1.000000, 0.000000, 0.000000,
        0.000000, 0.000000, 1.000000, 0.000000,
        0.631902, 0.455640, 0.134231, 1.000000,
    ]
}),
new Matrix4({
    elements: [
        1.000000, 0.000000, 0.000000, 0.000000,
        0.000000, 1.000000, 0.000000, 0.000000,
        0.000000, 0.000000, 1.000000, 0.000000,
        0.495098, 0.521013, 0.125572, 1.000000,
    ]
}),
new Matrix4({
    elements: [
        1.000000, 0.000000, 0.000000, 0.000000,
        0.000000, 1.000000, 0.000000, 0.000000,
        0.000000, 0.000000, 1.000000, 0.000000,
        0.356110, 0.565373, 0.116151, 1.000000,
    ]
}),
new Matrix4({
    elements: [
        1.000000, 0.000000, 0.000000, 0.000000,
        0.000000, 1.000000, 0.000000, 0.000000,
        0.000000, 0.000000, 1.000000, 0.000000,
        0.218719, 0.581716, 0.106060, 1.000000,
    ]
}),
new Matrix4({
    elements: [
        1.000000, 0.000000, 0.000000, 0.000000,
        0.000000, 1.000000, 0.000000, 0.000000,
        0.000000, 0.000000, 1.000000, 0.000000,
        0.086289, 0.568122, 0.095424, 1.000000,
    ]
}),
new Matrix4({
    elements: [
        1.000000, 0.000000, 0.000000, 0.000000,
        0.000000, 1.000000, 0.000000, 0.000000,
        0.000000, 0.000000, 1.000000, 0.000000,
        -0.039502, 0.530847, 0.084487, 1.000000,
    ]
}),
new Matrix4({
    elements: [
        1.000000, 0.000000, 0.000000, 0.000000,
        0.000000, 1.000000, 0.000000, 0.000000,
        0.000000, 0.000000, 1.000000, 0.000000,
        -0.157396, 0.475154, 0.073527, 1.000000,
    ]
}),
new Matrix4({
    elements: [
        1.000000, 0.000000, 0.000000, 0.000000,
        0.000000, 1.000000, 0.000000, 0.000000,
        0.000000, 0.000000, 1.000000, 0.000000,
        -0.266132, 0.406304, 0.062820, 1.000000,
    ]
}),
new Matrix4({
    elements: [
        1.000000, 0.000000, 0.000000, 0.000000,
        0.000000, 1.000000, 0.000000, 0.000000,
        0.000000, 0.000000, 1.000000, 0.000000,
        -0.364454, 0.329562, 0.052643, 1.000000,
    ]
}),
new Matrix4({
    elements: [
        1.000000, 0.000000, 0.000000, 0.000000,
        0.000000, 1.000000, 0.000000, 0.000000,
        0.000000, 0.000000, 1.000000, 0.000000,
        -0.451103, 0.250188, 0.043273, 1.000000,
    ]
}),
new Matrix4({
    elements: [
        1.000000, 0.000000, 0.000000, 0.000000,
        0.000000, 1.000000, 0.000000, 0.000000,
        0.000000, 0.000000, 1.000000, 0.000000,
        -0.524819, 0.173445, 0.034986, 1.000000,
    ]
}),
new Matrix4({
    elements: [
        1.000000, 0.000000, 0.000000, 0.000000,
        0.000000, 1.000000, 0.000000, 0.000000,
        0.000000, 0.000000, 1.000000, 0.000000,
        -0.584345, 0.104596, 0.028059, 1.000000,
    ]
}),
new Matrix4({
    elements: [
        1.000000, 0.000000, 0.000000, 0.000000,
        0.000000, 1.000000, 0.000000, 0.000000,
        0.000000, 0.000000, 1.000000, 0.000000,
        -0.628421, 0.048902, 0.022769, 1.000000,
    ]
}),
new Matrix4({
    elements: [
        1.000000, 0.000000, 0.000000, 0.000000,
        0.000000, 1.000000, 0.000000, 0.000000,
        0.000000, 0.000000, 1.000000, 0.000000,
        -0.655790, 0.011627, 0.019392, 1.000000,
    ]
}),
new Matrix4({
    elements: [
        1.000000, 0.000000, 0.000000, 0.000000,
        0.000000, 1.000000, 0.000000, 0.000000,
        0.000000, 0.000000, 1.000000, 0.000000,
        -0.665193, -0.001967, 0.018204, 1.000000,
    ]
}),
new Matrix4({
    elements: [
        1.000000, 0.000000, 0.000000, 0.000000,
        0.000000, 1.000000, 0.000000, 0.000000,
        0.000000, 0.000000, 1.000000, 0.000000,
        -0.665193, -0.001967, 0.018204, 1.000000,
    ]
}),
new Matrix4({
    elements: [
        1.000000, 0.000000, 0.000000, 0.000000,
        0.000000, 1.000000, 0.000000, 0.000000,
        0.000000, 0.000000, 1.000000, 0.000000,
        -0.665193, -0.001967, 0.018204, 1.000000,
    ]
}),
new Matrix4({
    elements: [
        1.000000, 0.000000, 0.000000, 0.000000,
        0.000000, 1.000000, 0.000000, 0.000000,
        0.000000, 0.000000, 1.000000, 0.000000,
        -0.665193, -0.001967, 0.018204, 1.000000,
    ]
}),
new Matrix4({
    elements: [
        1.000000, 0.000000, 0.000000, 0.000000,
        0.000000, 1.000000, 0.000000, 0.000000,
        0.000000, 0.000000, 1.000000, 0.000000,
        -0.665193, -0.001967, 0.018204, 1.000000,
    ]
}),
new Matrix4({
    elements: [
        1.000000, 0.000000, 0.000000, 0.000000,
        0.000000, 1.000000, 0.000000, 0.000000,
        0.000000, 0.000000, 1.000000, 0.000000,
        -0.665193, -0.001967, 0.018204, 1.000000,
    ]
}),
new Matrix4({
    elements: [
        1.000000, 0.000000, 0.000000, 0.000000,
        0.000000, 1.000000, 0.000000, 0.000000,
        0.000000, 0.000000, 1.000000, 0.000000,
        -0.665193, -0.001967, 0.018204, 1.000000,
    ]
}),
new Matrix4({
    elements: [
        1.000000, 0.000000, 0.000000, 0.000000,
        0.000000, 1.000000, 0.000000, 0.000000,
        0.000000, 0.000000, 1.000000, 0.000000,
        -0.661030, 0.009364, 0.018269, 1.000000,
    ]
}),
new Matrix4({
    elements: [
        1.000000, 0.000000, 0.000000, 0.000000,
        0.000000, 1.000000, 0.000000, 0.000000,
        0.000000, 0.000000, 1.000000, 0.000000,
        -0.649029, 0.040434, 0.018446, 1.000000,
    ]
}),
new Matrix4({
    elements: [
        1.000000, 0.000000, 0.000000, 0.000000,
        0.000000, 1.000000, 0.000000, 0.000000,
        0.000000, 0.000000, 1.000000, 0.000000,
        -0.629917, 0.086856, 0.018710, 1.000000,
    ]
}),
new Matrix4({
    elements: [
        1.000000, 0.000000, 0.000000, 0.000000,
        0.000000, 1.000000, 0.000000, 0.000000,
        0.000000, 0.000000, 1.000000, 0.000000,
        -0.604424, 0.144243, 0.019036, 1.000000,
    ]
}),
new Matrix4({
    elements: [
        1.000000, 0.000000, 0.000000, 0.000000,
        0.000000, 1.000000, 0.000000, 0.000000,
        0.000000, 0.000000, 1.000000, 0.000000,
        -0.573277, 0.208210, 0.019400, 1.000000,
    ]
}),
new Matrix4({
    elements: [
        1.000000, 0.000000, 0.000000, 0.000000,
        0.000000, 1.000000, 0.000000, 0.000000,
        0.000000, 0.000000, 1.000000, 0.000000,
        -0.537205, 0.274370, 0.019777, 1.000000,
    ]
}),
new Matrix4({
    elements: [
        1.000000, 0.000000, 0.000000, 0.000000,
        0.000000, 1.000000, 0.000000, 0.000000,
        0.000000, 0.000000, 1.000000, 0.000000,
        -0.496937, 0.338337, 0.020141, 1.000000,
    ]
}),
new Matrix4({
    elements: [
        1.000000, 0.000000, 0.000000, 0.000000,
        0.000000, 1.000000, 0.000000, 0.000000,
        0.000000, 0.000000, 1.000000, 0.000000,
        -0.453201, 0.395725, 0.020467, 1.000000,
    ]
}),
new Matrix4({
    elements: [
        1.000000, 0.000000, 0.000000, 0.000000,
        0.000000, 1.000000, 0.000000, 0.000000,
        0.000000, 0.000000, 1.000000, 0.000000,
        -0.406726, 0.442147, 0.020732, 1.000000,
    ]
}),
new Matrix4({
    elements: [
        1.000000, 0.000000, 0.000000, 0.000000,
        0.000000, 1.000000, 0.000000, 0.000000,
        0.000000, 0.000000, 1.000000, 0.000000,
        -0.358240, 0.473217, 0.020908, 1.000000,
    ]
}),
new Matrix4({
    elements: [
        1.000000, 0.000000, 0.000000, 0.000000,
        0.000000, 1.000000, 0.000000, 0.000000,
        0.000000, 0.000000, 1.000000, 0.000000,
        -0.308472, 0.484548, 0.020973, 1.000000,
    ]
}),
new Matrix4({
    elements: [
        1.000000, 0.000000, 0.000000, 0.000000,
        0.000000, 1.000000, 0.000000, 0.000000,
        0.000000, 0.000000, 1.000000, 0.000000,
        -0.258256, 0.467931, 0.020254, 1.000000,
    ]
}),
new Matrix4({
    elements: [
        1.000000, 0.000000, 0.000000, 0.000000,
        0.000000, 1.000000, 0.000000, 0.000000,
        0.000000, 0.000000, 1.000000, 0.000000,
        -0.208848, 0.423398, 0.018326, 1.000000,
    ]
}),
new Matrix4({
    elements: [
        1.000000, 0.000000, 0.000000, 0.000000,
        0.000000, 1.000000, 0.000000, 0.000000,
        0.000000, 0.000000, 1.000000, 0.000000,
        -0.161609, 0.358924, 0.015535, 1.000000,
    ]
}),
new Matrix4({
    elements: [
        1.000000, 0.000000, 0.000000, 0.000000,
        0.000000, 1.000000, 0.000000, 0.000000,
        0.000000, 0.000000, 1.000000, 0.000000,
        -0.117903, 0.282487, 0.012227, 1.000000,
    ]
}),
new Matrix4({
    elements: [
        1.000000, 0.000000, 0.000000, 0.000000,
        0.000000, 1.000000, 0.000000, 0.000000,
        0.000000, 0.000000, 1.000000, 0.000000,
        -0.079089, 0.202061, 0.008746, 1.000000,
    ]
}),
new Matrix4({
    elements: [
        1.000000, 0.000000, 0.000000, 0.000000,
        0.000000, 1.000000, 0.000000, 0.000000,
        0.000000, 0.000000, 1.000000, 0.000000,
        -0.046530, 0.125623, 0.005437, 1.000000,
    ]
}),
new Matrix4({
    elements: [
        1.000000, 0.000000, 0.000000, 0.000000,
        0.000000, 1.000000, 0.000000, 0.000000,
        0.000000, 0.000000, 1.000000, 0.000000,
        -0.021588, 0.061150, 0.002647, 1.000000,
    ]
}),
new Matrix4({
    elements: [
        1.000000, 0.000000, 0.000000, 0.000000,
        0.000000, 1.000000, 0.000000, 0.000000,
        0.000000, 0.000000, 1.000000, 0.000000,
        -0.005624, 0.016617, 0.000719, 1.000000,
    ]
}),
new Matrix4({
    elements: [
        1.000000, 0.000000, 0.000000, 0.000000,
        0.000000, 1.000000, 0.000000, 0.000000,
        0.000000, 0.000000, 1.000000, 0.000000,
        0.000000, 0.000000, 0.000000, 1.000000,
    ]
}),
            ]
        },
        {
            obj: Head,
            frames: [
new Matrix4({
    elements: [
        1.000000, 0.000000, 0.000000, 0.000000,
        0.000000, 0.723012, -0.690836, 0.000000,
        0.000000, 0.690836, 0.723012, 0.000000,
        -0.037378, 0.300316, -0.108861, 1.000000,
    ]
}),
new Matrix4({
    elements: [
        1.000000, 0.000000, 0.000000, 0.000000,
        0.000000, 0.733282, -0.679925, 0.000000,
        0.000000, 0.679925, 0.733282, 0.000000,
        -0.037378, 0.300316, -0.108861, 1.000000,
    ]
}),
new Matrix4({
    elements: [
        1.000000, 0.000000, 0.000000, 0.000000,
        0.000000, 0.759988, -0.649938, 0.000000,
        0.000000, 0.649938, 0.759988, 0.000000,
        -0.037378, 0.300316, -0.108861, 1.000000,
    ]
}),
new Matrix4({
    elements: [
        1.000000, 0.000000, 0.000000, 0.000000,
        0.000000, 0.796469, -0.604679, 0.000000,
        0.000000, 0.604679, 0.796469, 0.000000,
        -0.037378, 0.300316, -0.108861, 1.000000,
    ]
}),
new Matrix4({
    elements: [
        1.000000, 0.000000, 0.000000, 0.000000,
        0.000000, 0.836224, -0.548388, 0.000000,
        0.000000, 0.548388, 0.836224, 0.000000,
        -0.037378, 0.300316, -0.108861, 1.000000,
    ]
}),
new Matrix4({
    elements: [
        1.000000, 0.000000, 0.000000, 0.000000,
        0.000000, 0.873762, -0.486354, 0.000000,
        0.000000, 0.486354, 0.873762, 0.000000,
        -0.037378, 0.300316, -0.108861, 1.000000,
    ]
}),
new Matrix4({
    elements: [
        1.000000, 0.000000, 0.000000, 0.000000,
        0.000000, 0.905184, -0.425021, 0.000000,
        0.000000, 0.425021, 0.905184, 0.000000,
        -0.037378, 0.300316, -0.108861, 1.000000,
    ]
}),
new Matrix4({
    elements: [
        1.000000, 0.000000, 0.000000, 0.000000,
        0.000000, 0.928351, -0.371706, 0.000000,
        0.000000, 0.371706, 0.928351, 0.000000,
        -0.037378, 0.300316, -0.108861, 1.000000,
    ]
}),
new Matrix4({
    elements: [
        1.000000, 0.000000, 0.000000, 0.000000,
        0.000000, 0.942525, -0.334136, 0.000000,
        0.000000, 0.334136, 0.942525, 0.000000,
        -0.037378, 0.300316, -0.108861, 1.000000,
    ]
}),
new Matrix4({
    elements: [
        1.000000, 0.000000, 0.000000, 0.000000,
        0.000000, 0.947426, -0.319976, 0.000000,
        0.000000, 0.319976, 0.947426, 0.000000,
        -0.037378, 0.300316, -0.108861, 1.000000,
    ]
}),
new Matrix4({
    elements: [
        1.000000, 0.000000, 0.000000, 0.000000,
        0.000000, 0.942864, -0.333178, 0.000000,
        0.000000, 0.333178, 0.942864, 0.000000,
        -0.037378, 0.300316, -0.108861, 1.000000,
    ]
}),
new Matrix4({
    elements: [
        1.000000, 0.000000, 0.000000, 0.000000,
        0.000000, 0.929297, -0.369334, 0.000000,
        0.000000, 0.369334, 0.929297, 0.000000,
        -0.037378, 0.300316, -0.108861, 1.000000,
    ]
}),
new Matrix4({
    elements: [
        1.000000, 0.000000, 0.000000, 0.000000,
        0.000000, 0.906180, -0.422891, 0.000000,
        0.000000, 0.422891, 0.906180, 0.000000,
        -0.037378, 0.300316, -0.108861, 1.000000,
    ]
}),
new Matrix4({
    elements: [
        1.000000, 0.000000, 0.000000, 0.000000,
        0.000000, 0.872859, -0.487973, 0.000000,
        0.000000, 0.487973, 0.872859, 0.000000,
        -0.037378, 0.300316, -0.108861, 1.000000,
    ]
}),
new Matrix4({
    elements: [
        1.000000, 0.000000, 0.000000, 0.000000,
        0.000000, 0.829403, -0.558650, 0.000000,
        0.000000, 0.558650, 0.829403, 0.000000,
        -0.037378, 0.300316, -0.108861, 1.000000,
    ]
}),
new Matrix4({
    elements: [
        1.000000, 0.000000, 0.000000, 0.000000,
        0.000000, 0.777145, -0.629322, 0.000000,
        0.000000, 0.629322, 0.777145, 0.000000,
        -0.037378, 0.300316, -0.108861, 1.000000,
    ]
}),
new Matrix4({
    elements: [
        1.000000, 0.000000, 0.000000, 0.000000,
        0.000000, 0.718883, -0.695131, 0.000000,
        0.000000, 0.695131, 0.718883, 0.000000,
        -0.037378, 0.300316, -0.108861, 1.000000,
    ]
}),
new Matrix4({
    elements: [
        1.000000, 0.000000, 0.000000, 0.000000,
        0.000000, 0.658785, -0.752332, 0.000000,
        0.000000, 0.752332, 0.658785, 0.000000,
        -0.037378, 0.300316, -0.108861, 1.000000,
    ]
}),
new Matrix4({
    elements: [
        1.000000, 0.000000, 0.000000, 0.000000,
        0.000000, 0.602053, -0.798456, 0.000000,
        0.000000, 0.798456, 0.602053, 0.000000,
        -0.037378, 0.300316, -0.108861, 1.000000,
    ]
}),
new Matrix4({
    elements: [
        1.000000, 0.000000, 0.000000, 0.000000,
        0.000000, 0.554473, -0.832202, 0.000000,
        0.000000, 0.832202, 0.554473, 0.000000,
        -0.037378, 0.300316, -0.108861, 1.000000,
    ]
}),
new Matrix4({
    elements: [
        1.000000, 0.000000, 0.000000, 0.000000,
        0.000000, 0.521928, -0.852990, 0.000000,
        0.000000, 0.852990, 0.521928, 0.000000,
        -0.037378, 0.300316, -0.108861, 1.000000,
    ]
}),
new Matrix4({
    elements: [
        1.000000, 0.000000, 0.000000, 0.000000,
        0.000000, 0.509962, -0.860197, 0.000000,
        0.000000, 0.860197, 0.509962, 0.000000,
        -0.037378, 0.300316, -0.108861, 1.000000,
    ]
}),
new Matrix4({
    elements: [
        1.000000, 0.000000, 0.000000, 0.000000,
        0.000000, 0.515486, -0.856898, 0.000000,
        0.000000, 0.856898, 0.515486, 0.000000,
        -0.037378, 0.300316, -0.108861, 1.000000,
    ]
}),
new Matrix4({
    elements: [
        1.000000, 0.000000, 0.000000, 0.000000,
        0.000000, 0.530840, -0.847472, 0.000000,
        0.000000, 0.847472, 0.530840, 0.000000,
        -0.037378, 0.300316, -0.108861, 1.000000,
    ]
}),
new Matrix4({
    elements: [
        1.000000, 0.000000, 0.000000, 0.000000,
        0.000000, 0.554083, -0.832461, 0.000000,
        0.000000, 0.832461, 0.554083, 0.000000,
        -0.037378, 0.300316, -0.108861, 1.000000,
    ]
}),
new Matrix4({
    elements: [
        1.000000, 0.000000, 0.000000, 0.000000,
        0.000000, 0.583191, -0.812335, 0.000000,
        0.000000, 0.812335, 0.583191, 0.000000,
        -0.037378, 0.300316, -0.108861, 1.000000,
    ]
}),
new Matrix4({
    elements: [
        1.000000, 0.000000, 0.000000, 0.000000,
        0.000000, 0.616141, -0.787636, 0.000000,
        0.000000, 0.787636, 0.616141, 0.000000,
        -0.037378, 0.300316, -0.108861, 1.000000,
    ]
}),
new Matrix4({
    elements: [
        1.000000, 0.000000, 0.000000, 0.000000,
        0.000000, 0.650981, -0.759094, 0.000000,
        0.000000, 0.759094, 0.650981, 0.000000,
        -0.037378, 0.300316, -0.108861, 1.000000,
    ]
}),
new Matrix4({
    elements: [
        1.000000, 0.000000, 0.000000, 0.000000,
        0.000000, 0.685907, -0.727690, 0.000000,
        0.000000, 0.727690, 0.685907, 0.000000,
        -0.037378, 0.300316, -0.108861, 1.000000,
    ]
}),
new Matrix4({
    elements: [
        1.000000, 0.000000, 0.000000, 0.000000,
        0.000000, 0.719319, -0.694679, 0.000000,
        0.000000, 0.694679, 0.719319, 0.000000,
        -0.037378, 0.300316, -0.108861, 1.000000,
    ]
}),
new Matrix4({
    elements: [
        1.000000, 0.000000, 0.000000, 0.000000,
        0.000000, 0.749869, -0.661586, 0.000000,
        0.000000, 0.661586, 0.749869, 0.000000,
        -0.037378, 0.300316, -0.108861, 1.000000,
    ]
}),
new Matrix4({
    elements: [
        1.000000, 0.000000, 0.000000, 0.000000,
        0.000000, 0.776471, -0.630153, 0.000000,
        0.000000, 0.630153, 0.776471, 0.000000,
        -0.037378, 0.300316, -0.108861, 1.000000,
    ]
}),
new Matrix4({
    elements: [
        1.000000, 0.000000, 0.000000, 0.000000,
        0.000000, 0.798282, -0.602284, 0.000000,
        0.000000, 0.602284, 0.798282, 0.000000,
        -0.037378, 0.300316, -0.108861, 1.000000,
    ]
}),
new Matrix4({
    elements: [
        1.000000, 0.000000, 0.000000, 0.000000,
        0.000000, 0.814639, -0.579969, 0.000000,
        0.000000, 0.579969, 0.814639, 0.000000,
        -0.037378, 0.300316, -0.108861, 1.000000,
    ]
}),
new Matrix4({
    elements: [
        1.000000, 0.000000, 0.000000, 0.000000,
        0.000000, 0.824955, -0.565198, 0.000000,
        0.000000, 0.565198, 0.824955, 0.000000,
        -0.037378, 0.300316, -0.108861, 1.000000,
    ]
}),
new Matrix4({
    elements: [
        1.000000, 0.000000, 0.000000, 0.000000,
        0.000000, 0.828575, -0.559878, 0.000000,
        0.000000, 0.559878, 0.828575, 0.000000,
        -0.037378, 0.300316, -0.108861, 1.000000,
    ]
}),
new Matrix4({
    elements: [
        1.000000, 0.000000, 0.000000, 0.000000,
        0.000000, 0.824646, -0.565649, 0.000000,
        0.000000, 0.565649, 0.824646, 0.000000,
        -0.037378, 0.300316, -0.108861, 1.000000,
    ]
}),
new Matrix4({
    elements: [
        1.000000, 0.000000, 0.000000, 0.000000,
        0.000000, 0.813433, -0.581659, 0.000000,
        0.000000, 0.581659, 0.813433, 0.000000,
        -0.037378, 0.300316, -0.108861, 1.000000,
    ]
}),
new Matrix4({
    elements: [
        1.000000, 0.000000, 0.000000, 0.000000,
        0.000000, 0.795608, -0.605811, 0.000000,
        0.000000, 0.605811, 0.795608, 0.000000,
        -0.037378, 0.300316, -0.108861, 1.000000,
    ]
}),
new Matrix4({
    elements: [
        1.000000, 0.000000, 0.000000, 0.000000,
        0.000000, 0.771767, -0.635906, 0.000000,
        0.000000, 0.635906, 0.771767, 0.000000,
        -0.037378, 0.300316, -0.108861, 1.000000,
    ]
}),
new Matrix4({
    elements: [
        1.000000, 0.000000, 0.000000, 0.000000,
        0.000000, 0.742594, -0.669741, 0.000000,
        0.000000, 0.669741, 0.742594, 0.000000,
        -0.037378, 0.300316, -0.108861, 1.000000,
    ]
}),
new Matrix4({
    elements: [
        1.000000, 0.000000, 0.000000, 0.000000,
        0.000000, 0.708992, -0.705216, 0.000000,
        0.000000, 0.705216, 0.708992, 0.000000,
        -0.037378, 0.300316, -0.108861, 1.000000,
    ]
}),
new Matrix4({
    elements: [
        1.000000, 0.000000, 0.000000, 0.000000,
        0.000000, 0.672148, -0.740417, 0.000000,
        0.000000, 0.740417, 0.672148, 0.000000,
        -0.037378, 0.300316, -0.108861, 1.000000,
    ]
}),
new Matrix4({
    elements: [
        1.000000, 0.000000, 0.000000, 0.000000,
        0.000000, 0.633559, -0.773695, 0.000000,
        0.000000, 0.773695, 0.633559, 0.000000,
        -0.037378, 0.300316, -0.108861, 1.000000,
    ]
}),
new Matrix4({
    elements: [
        1.000000, 0.000000, 0.000000, 0.000000,
        0.000000, 0.595009, -0.803719, 0.000000,
        0.000000, 0.803719, 0.595009, 0.000000,
        -0.037378, 0.300316, -0.108861, 1.000000,
    ]
}),
new Matrix4({
    elements: [
        1.000000, 0.000000, 0.000000, 0.000000,
        0.000000, 0.558517, -0.829493, 0.000000,
        0.000000, 0.829493, 0.558517, 0.000000,
        -0.037378, 0.300316, -0.108861, 1.000000,
    ]
}),
new Matrix4({
    elements: [
        1.000000, 0.000000, 0.000000, 0.000000,
        0.000000, 0.526264, -0.850321, 0.000000,
        0.000000, 0.850321, 0.526264, 0.000000,
        -0.037378, 0.300316, -0.108861, 1.000000,
    ]
}),
new Matrix4({
    elements: [
        1.000000, 0.000000, 0.000000, 0.000000,
        0.000000, 0.500505, -0.865733, 0.000000,
        0.000000, 0.865733, 0.500505, 0.000000,
        -0.037378, 0.300316, -0.108861, 1.000000,
    ]
}),
new Matrix4({
    elements: [
        1.000000, 0.000000, 0.000000, 0.000000,
        0.000000, 0.483488, -0.875351, 0.000000,
        0.000000, 0.875351, 0.483488, 0.000000,
        -0.037378, 0.300316, -0.108861, 1.000000,
    ]
}),
new Matrix4({
    elements: [
        1.000000, 0.000000, 0.000000, 0.000000,
        0.000000, 0.477366, -0.878705, 0.000000,
        0.000000, 0.878705, 0.477366, 0.000000,
        -0.037378, 0.300316, -0.108861, 1.000000,
    ]
}),
new Matrix4({
    elements: [
        1.000000, 0.000000, 0.000000, 0.000000,
        0.000000, 0.480845, -0.876806, 0.000000,
        0.000000, 0.876806, 0.480845, 0.000000,
        -0.037378, 0.300316, -0.108861, 1.000000,
    ]
}),
new Matrix4({
    elements: [
        1.000000, 0.000000, 0.000000, 0.000000,
        0.000000, 0.490577, -0.871398, 0.000000,
        0.000000, 0.871398, 0.490577, 0.000000,
        -0.037378, 0.300316, -0.108861, 1.000000,
    ]
}),
new Matrix4({
    elements: [
        1.000000, 0.000000, 0.000000, 0.000000,
        0.000000, 0.505462, -0.862849, 0.000000,
        0.000000, 0.862849, 0.505462, 0.000000,
        -0.037378, 0.300316, -0.108861, 1.000000,
    ]
}),
new Matrix4({
    elements: [
        1.000000, 0.000000, 0.000000, 0.000000,
        0.000000, 0.524374, -0.851488, 0.000000,
        0.000000, 0.851488, 0.524374, 0.000000,
        -0.037378, 0.300316, -0.108861, 1.000000,
    ]
}),
new Matrix4({
    elements: [
        1.000000, 0.000000, 0.000000, 0.000000,
        0.000000, 0.546184, -0.837665, 0.000000,
        0.000000, 0.837665, 0.546184, 0.000000,
        -0.037378, 0.300316, -0.108861, 1.000000,
    ]
}),
new Matrix4({
    elements: [
        1.000000, 0.000000, 0.000000, 0.000000,
        0.000000, 0.569788, -0.821792, 0.000000,
        0.000000, 0.821792, 0.569788, 0.000000,
        -0.037378, 0.300316, -0.108861, 1.000000,
    ]
}),
new Matrix4({
    elements: [
        1.000000, 0.000000, 0.000000, 0.000000,
        0.000000, 0.594126, -0.804372, 0.000000,
        0.000000, 0.804372, 0.594126, 0.000000,
        -0.037378, 0.300316, -0.108861, 1.000000,
    ]
}),
new Matrix4({
    elements: [
        1.000000, 0.000000, 0.000000, 0.000000,
        0.000000, 0.618207, -0.786015, 0.000000,
        0.000000, 0.786015, 0.618207, 0.000000,
        -0.037378, 0.300316, -0.108861, 1.000000,
    ]
}),
new Matrix4({
    elements: [
        1.000000, 0.000000, 0.000000, 0.000000,
        0.000000, 0.641118, -0.767442, 0.000000,
        0.000000, 0.767442, 0.641118, 0.000000,
        -0.037378, 0.300316, -0.108861, 1.000000,
    ]
}),
new Matrix4({
    elements: [
        1.000000, 0.000000, 0.000000, 0.000000,
        0.000000, 0.662030, -0.749477, 0.000000,
        0.000000, 0.749477, 0.662030, 0.000000,
        -0.037378, 0.300316, -0.108861, 1.000000,
    ]
}),
new Matrix4({
    elements: [
        1.000000, 0.000000, 0.000000, 0.000000,
        0.000000, 0.680199, -0.733027, 0.000000,
        0.000000, 0.733027, 0.680199, 0.000000,
        -0.037378, 0.300316, -0.108861, 1.000000,
    ]
}),
new Matrix4({
    elements: [
        1.000000, 0.000000, 0.000000, 0.000000,
        0.000000, 0.694948, -0.719060, 0.000000,
        0.000000, 0.719060, 0.694948, 0.000000,
        -0.037378, 0.300316, -0.108861, 1.000000,
    ]
}),
new Matrix4({
    elements: [
        1.000000, 0.000000, 0.000000, 0.000000,
        0.000000, 0.705641, -0.708570, 0.000000,
        0.000000, 0.708570, 0.705641, 0.000000,
        -0.037378, 0.300316, -0.108861, 1.000000,
    ]
}),
new Matrix4({
    elements: [
        1.000000, 0.000000, 0.000000, 0.000000,
        0.000000, 0.711644, -0.702540, 0.000000,
        0.000000, 0.702540, 0.711644, 0.000000,
        -0.037378, 0.300316, -0.108861, 1.000000,
    ]
}),
new Matrix4({
    elements: [
        1.000000, 0.000000, 0.000000, 0.000000,
        0.000000, 0.714744, -0.699387, 0.000000,
        0.000000, 0.699387, 0.714744, 0.000000,
        -0.037378, 0.300316, -0.108861, 1.000000,
    ]
}),
new Matrix4({
    elements: [
        1.000000, 0.000000, 0.000000, 0.000000,
        0.000000, 0.717215, -0.696851, 0.000000,
        0.000000, 0.696851, 0.717215, 0.000000,
        -0.037378, 0.300316, -0.108861, 1.000000,
    ]
}),
new Matrix4({
    elements: [
        1.000000, 0.000000, 0.000000, 0.000000,
        0.000000, 0.719134, -0.694871, 0.000000,
        0.000000, 0.694871, 0.719134, 0.000000,
        -0.037378, 0.300316, -0.108861, 1.000000,
    ]
}),
new Matrix4({
    elements: [
        1.000000, 0.000000, 0.000000, 0.000000,
        0.000000, 0.720573, -0.693380, 0.000000,
        0.000000, 0.693380, 0.720573, 0.000000,
        -0.037378, 0.300316, -0.108861, 1.000000,
    ]
}),
new Matrix4({
    elements: [
        1.000000, 0.000000, 0.000000, 0.000000,
        0.000000, 0.721601, -0.692309, 0.000000,
        0.000000, 0.692309, 0.721601, 0.000000,
        -0.037378, 0.300316, -0.108861, 1.000000,
    ]
}),
new Matrix4({
    elements: [
        1.000000, 0.000000, 0.000000, 0.000000,
        0.000000, 0.722290, -0.691590, 0.000000,
        0.000000, 0.691590, 0.722290, 0.000000,
        -0.037378, 0.300316, -0.108861, 1.000000,
    ]
}),
new Matrix4({
    elements: [
        1.000000, 0.000000, 0.000000, 0.000000,
        0.000000, 0.722707, -0.691154, 0.000000,
        0.000000, 0.691154, 0.722707, 0.000000,
        -0.037378, 0.300316, -0.108861, 1.000000,
    ]
}),
new Matrix4({
    elements: [
        1.000000, 0.000000, 0.000000, 0.000000,
        0.000000, 0.722922, -0.690930, 0.000000,
        0.000000, 0.690930, 0.722922, 0.000000,
        -0.037378, 0.300316, -0.108861, 1.000000,
    ]
}),
new Matrix4({
    elements: [
        1.000000, 0.000000, 0.000000, 0.000000,
        0.000000, 0.723000, -0.690848, 0.000000,
        0.000000, 0.690848, 0.723000, 0.000000,
        -0.037378, 0.300316, -0.108861, 1.000000,
    ]
}),
new Matrix4({
    elements: [
        1.000000, 0.000000, 0.000000, 0.000000,
        0.000000, 0.723012, -0.690836, 0.000000,
        0.000000, 0.690836, 0.723012, 0.000000,
        -0.037378, 0.300316, -0.108861, 1.000000,
    ]
}),
            ]
        },
    ]
};
